3 0: 2651 
5 1: 6528 6529 6531 6544 6545 6549 
6 2: 2974 2976 
8 1: 2945 2946 2947 2953 
10 0: 33 
12 1: 3447 
16 2: 3912 
20 1: 1450 
22 1: 3944 3948 
23 0: 3478 3479 
24 4: 6505 
26 1: 1218 
28 2: 6271 
30 1: 6288 
33 2: 2672 2674 2675 2677 
35 1: 37 38 
37 2: 485 487 488 
38 2: 6271 
42 2: 6271 
45 1: 1855 1856 1858 1859 1860 
47 2: 6271 
50 2: 3768 3769 
54 1: 1543 
56 1: 1736 1737 
60 1: 67 780 
62 2: 2614 3238 3239 3243 3246 3251 3253 
67 1: 1363 
69 1: 1596 1597 
72 3: 2559 2561 2565 2567 2568 2569 2570 
76 3: 703 704 706 710 
77 2: 2672 2674 2675 2677 
92 1: 3224 3227 
96 1: 1197 1198 1199 1201 1204 4782 
103 4: 2776 2780 2784 2789 2792 2794 2803 2809 
107 2: 2672 2674 2675 2677 
108 0: 3851 3852 
116 1: 2945 2946 2947 2953 
120 3: 2559 2561 2565 2567 2568 2569 2570 
124 2: 4333 4335 4336 
129 4: 2859 2861 2867 5868 5869 
137 1: 1869 1873 
139 4: 6505 
142 1: 2005 
144 0: 1447 
145 2: 3238 3239 3243 3246 3251 3253 
147 1: 2028 2029 
148 1: 6511 
151 2: 2527 
155 2: 3355 3357 3360 3362 3363 3366 3368 3371 3372 3373 3374 3376 
161 1: 3224 3227 
162 0: 1448 
165 2: 5987 5988 5991 6467 6468 6471 6472 6475 
172 1: 511 
173 1: 1923 5022 5032 5037 
178 1: 35 37 38 
179 3: 1519 
182 0: 3722 
183 2: 1271 1272 4802 
184 0: 3577 
185 2: 3404 
186 1: 4141 4142 
191 1: 3058 3060 
195 1: 196 2043 2044 
196 1: 30 
199 2: 2394 
201 0: 2738 2739 
202 1: 2942 2963 
203 1: 3293 3295 
204 1: 2942 2963 
209 1: 2945 2946 2947 2953 
212 1: 2945 2946 2947 2953 
214 1: 2945 2946 2947 2953 
215 0: 5627 
216 1: 1855 1856 1858 1859 1860 
218 1: 3224 3227 
219 0: 1578 
222 1: 1197 1198 1199 1201 1204 4782 
225 4: 2776 2780 2784 2789 2792 2794 2803 2809 
226 0: 2738 2739 
228 1: 1363 
236 1: 6511 
242 1: 1414 1418 1419 
247 1: 1949 
248 1: 2037 
249 2: 6517 
250 1: 2942 2963 
256 1: 257 259 3510 
257 1: 30 
259 0: 903 
262 1: 3613 
267 1: 4141 4142 
269 1: 6356 
271 1: 1414 1418 1419 
282 2: 1770 1771 
284 1: 5205 
285 1: 1121 4748 
291 2: 4411 4419 
292 3: 6055 6056 6057 6060 6061 
294 2: 3452 
299 2: 3452 
301 1: 3102 3104 3107 3108 
305 4: 6505 
307 2: 191 195 196 199 201 202 203 204 209 212 214 215 216 218 219 
308 0: 1329 
310 3: 3340 3341 3342 3389 3393 
313 4: 2776 2780 2784 2789 2792 2794 2803 2809 
314 1: 1558 1559 
317 6: 473 481 
318 2: 1563 
319 1: 2037 
324 1: 1566 1567 1568 1569 
336 1: 2181 2182 2183 2187 2188 2189 
338 4: 2859 2861 2867 
339 3: 2545 2548 2550 5192 
343 1: 1218 
347 1: 1121 
348 1: 3447 
351 4: 2859 2861 2867 
352 4: 6505 
353 1: 6528 6529 6531 6544 6545 6549 
356 2: 2672 2674 2675 2677 
358 0: 4304 
360 4: 2776 2780 2784 2789 2792 2794 2803 2809 
362 1: 2087 
363 0: 6528 
365 1: 6553 
367 2: 719 728 729 
369 1: 3102 3104 3107 3108 
370 1: 6511 
373 2: 3310 
374 3: 10 
375 1: 1251 1261 1264 1265 1268 
377 1: 1448 
379 0: 1215 1216 1217 
385 1: 2005 
388 1: 6511 
389 2: 2368 2371 2372 2373 2374 2375 2376 2380 2390 
390 1: 1414 1418 1419 
391 2: 3768 3769 
392 4: 1189 
394 0: 459 460 
395 1: 580 
396 1: 1218 
402 1: 324 
406 1: 1867 
407 1: 1197 1198 1199 1201 1204 4782 
408 1: 1703 
412 0: 6491 6492 
413 1: 1447 
414 2: 2672 2674 2675 2677 
415 2: 1027 1770 1771 
420 1: 1554 
422 3: 10 
423 1: 2726 
424 3: 761 762 766 768 
433 1: 2037 5068 
434 1: 2526 
435 3: 1033 1035 1037 1040 
438 2: 1049 
439 2: 2754 5307 5308 5309 
443 0: 3478 3479 
447 0: 3823 
450 3: 3172 3173 3174 
451 1: 2942 2963 
454 1: 2037 
455 1: 3224 3227 
459 4: 6125 
460 1: 2526 
468 2: 2672 2674 2675 2677 
470 3: 1033 1035 1037 1040 4708 
473 0: 780 
477 0: 568 
480 5: 3417 3421 3422 3427 
481 0: 2646 
483 1: 3058 3060 
484 0: 3454 3455 
485 4: 4187 
487 1: 3903 
488 1: 544 4537 
493 1: 781 782 783 784 785 786 787 
495 1: 1090 
496 0: 3795 3796 3797 
498 1: 1855 1856 1858 1859 1860 
508 3: 1655 1656 
511 0: 5053 5055 
512 3: 1225 1228 1229 1232 1233 1235 1237 
519 1: 1855 1856 1858 1859 1860 
524 0: 525 
525 1: 30 
526 1: 527 
527 1: 30 
531 0: 1707 
532 1: 3494 
537 2: 1156 1159 
538 1: 1450 
544 0: 3454 3455 
546 2: 4817 
548 1: 1855 1856 1858 1859 1860 
549 0: 3478 3479 
554 2: 2524 
555 1: 4094 4095 
557 3: 1113 
563 3: 124 129 
564 0: 3243 
567 0: 3658 
568 2: 1496 4864 
574 0: 5644 
580 0: 3765 5675 5676 
588 2: 1770 1771 
591 1: 2945 2946 2947 2953 
592 3: 588 591 593 4558 4559 
593 2: 485 487 488 3301 
598 1: 2726 
601 3: 1225 1228 1229 1232 1233 1235 1237 
603 1: 3951 
604 3: 4268 
605 1: 1114 
618 2: 3912 
621 1: 544 3389 4537 
622 4: 2859 2861 2867 
623 4: 2776 2780 2784 2789 2792 2794 2803 2809 
633 2: 4053 
634 0: 6194 
636 1: 637 2181 2182 2183 2187 2188 2189 
637 1: 30 
638 2: 3238 3239 3243 3246 3251 3253 
642 3: 6174 6175 6176 
646 1: 544 
649 0: 2467 
653 3: 654 
654 1: 6362 
658 3: 2559 2561 2565 2567 2568 2569 2570 
664 1: 1854 
667 3: 6434 6437 6438 6439 6447 
668 2: 1840 1845 
670 0: 2479 2480 2481 
673 1: 1363 
674 1: 1397 1400 1401 1402 1404 1405 1406 
675 1: 2942 2963 
679 0: 3658 
684 0: 4304 
693 0: 3461 
696 1: 1209 
699 0: 3454 3455 
703 1: 544 
704 0: 1318 
706 1: 1408 1409 
708 1: 838 
710 0: 4030 
715 0: 4304 
718 5: 3417 3421 3422 3427 
719 1: 922 
728 2: 4053 
729 1: 4235 
733 1: 3029 
739 1: 4141 4142 
740 1: 1391 1392 1393 
741 0: 2042 
746 1: 3817 
747 2: 3543 
754 2: 2672 2674 2675 2677 
755 4: 2776 2780 2784 2789 2792 2794 2803 2809 
756 1: 30 
759 3: 703 704 706 710 
761 4: 242 247 248 249 250 256 257 259 262 
762 1: 1751 1752 
766 1: 3747 
768 2: 6467 6468 6471 6472 6475 
772 1: 3793 
775 1: 1867 
779 0: 2679 2682 
780 1: 1854 
781 1: 1855 1856 1858 1859 1860 
782 2: 1156 1159 
783 2: 784 785 786 2672 2674 2675 2677 
784 1: 30 
785 1: 35 37 38 
786 5: 3533 
787 0: 4013 
792 1: 1408 1409 
793 1: 3323 3324 
805 2: 2291 2292 2301 2302 2306 2307 2309 2310 2322 2325 2327 2328 2332 2335 2336 2337 2340 
807 2: 6271 
808 1: 3817 
812 1: 1736 1737 
814 1: 3032 3033 5414 
815 0: 5994 
817 0: 1320 
821 3: 1033 1035 1037 1040 
822 2: 1563 
823 3: 1033 1035 1037 1040 
824 1: 2937 
825 2: 6044 6047 6048 6049 
827 2: 2181 2182 2183 2187 2188 2189 5103 5104 
828 3: 1225 1228 1229 1232 1233 1235 1237 4792 4793 
829 6: 473 481 
830 3: 3340 3341 3342 3389 3393 
833 2: 3238 3239 3243 3246 3251 3253 5468 
838 0: 3823 
845 2: 653 654 
848 2: 2850 6517 
849 0: 6174 6175 6176 
852 1: 3717 
853 1: 4291 4292 
856 0: 780 
859 0: 780 
860 0: 859 
861 1: 1062 
868 1: 2037 
870 1: 838 
871 0: 2998 2999 
875 2: 4255 
877 1: 1218 
879 0: 993 
881 1: 1751 1752 
882 3: 2559 2561 2565 2567 2568 2569 2570 
883 4: 2776 2780 2784 2789 2792 2794 2803 2809 
886 0: 780 
887 0: 1634 
888 2: 4053 
891 4: 2859 2861 2867 
892 0: 2042 
895 1: 1854 
896 1: 1855 1856 1858 1859 1860 
897 0: 4171 
899 0: 1707 
903 2: 3308 
904 4: 2859 2861 2867 
906 1: 1678 
911 4: 2776 2780 2784 2789 2792 2794 2803 2809 
912 0: 6331 
913 1: 3116 3117 3118 5435 
914 2: 1619 1620 
915 2: 3355 3357 3360 3362 3363 3366 3368 3371 3372 3373 3374 3376 
916 3: 703 704 706 710 
922 1: 6528 6529 6531 6544 6545 6549 
925 1: 1855 1856 1858 1859 1860 
932 1: 30 
936 0: 480 
938 2: 3959 3960 
942 1: 3951 
943 1: 6356 
946 3: 1655 1656 
949 0: 6528 
953 0: 3478 3479 
955 0: 1183 1184 
956 1: 1558 1559 
959 2: 6271 
963 1: 1323 1324 1325 1327 1328 6109 
965 4: 2859 2861 2867 
966 4: 4187 
967 0: 1695 
975 3: 1655 1656 
978 2: 3639 
979 1: 324 
982 1: 1918 
986 1: 2668 
988 0: 989 
989 1: 30 
992 1: 849 
993 0: 903 
998 1: 2694 2695 2696 2699 2700 2702 2705 2707 2709 2710 2718 
999 0: 3850 
1000 1: 1869 1873 
1002 1: 2945 2946 2947 2953 
1008 2: 3238 3239 3243 3246 3251 3253 5468 
1011 5: 1012 1013 3533 
1012 1: 30 
1013 1: 35 37 38 
1015 2: 2974 2976 
1017 0: 779 
1018 1: 512 
1026 4: 2859 2861 2867 
1027 2: 1770 1771 
1033 2: 3912 
1035 0: 2042 
1037 1: 324 
1040 0: 2468 
1045 1: 2037 
1049 3: 2102 2113 2116 
1060 2: 1563 
1062 1: 3447 
1065 3: 3725 3729 3730 3731 3733 3735 5657 5661 5662 5665 5666 
1073 0: 1634 
1076 3: 3691 3694 3695 3697 
1077 2: 3238 3239 3243 3246 3251 3253 
1078 1: 3605 
1079 2: 2368 2371 2372 2373 2374 2375 2376 2380 2390 
1083 1: 3447 
1087 2: 2139 2140 2141 2148 
1090 4: 2859 2861 2867 
1091 2: 155 
1095 3: 3691 3694 3695 3697 
1097 4: 2859 2861 2867 
1099 2: 3639 
1107 1: 3817 
1113 1: 6511 
1114 2: 2601 
1117 2: 812 814 815 
1119 2: 2890 
1120 1: 1408 1409 
1121 2: 2672 2674 2675 2677 
1124 3: 1655 1656 6246 
1129 0: 3795 3796 3797 
1131 2: 2063 2073 
1134 0: 3478 3479 
1136 1: 30 
1139 1: 3459 
1140 1: 2037 5068 
1146 0: 1095 
1148 1: 35 37 38 
1156 6: 473 481 
1159 1: 1121 
1162 1: 6553 
1164 0: 1819 1820 
1166 1: 2894 2895 3623 3624 3627 
1175 1: 1855 1856 1858 1859 1860 
1180 1: 1197 1198 1199 1201 1204 4782 
1183 2: 4266 4271 
1184 1: 2942 2963 
1189 0: 1804 
1194 1: 1363 
1196 0: 3478 3479 
1197 2: 719 728 729 1198 
1198 1: 6511 
1199 3: 1033 1035 1037 1040 
1201 1: 1218 
1204 2: 4205 4207 4209 4215 4217 
1209 1: 317 318 319 
1211 1: 1447 
1214 3: 1225 1228 1229 1232 1233 1235 1237 4792 4793 
1215 2: 3238 3239 3243 3246 3251 3253 
1216 3: 1225 1228 1229 1232 1233 1235 1237 4792 4793 
1217 4: 6005 6505 
1218 1: 2043 2044 
1225 1: 512 
1228 0: 1496 
1229 0: 2042 
1232 4: 1233 1235 2859 2861 2867 
1233 0: 904 
1235 2: 6339 
1237 2: 3238 3239 3243 3246 3251 3253 
1245 0: 1320 
1246 1: 1740 
1247 1: 1869 1873 
1251 1: 2088 
1261 0: 3994 
1264 1: 1265 1268 6491 6492 
1265 1: 35 37 38 
1268 1: 1251 1261 1264 1265 
1270 2: 2012 2014 
1271 2: 719 728 729 1272 
1272 0: 3912 
1277 2: 4048 
1278 2: 45 
1280 2: 2672 2674 2675 2677 
1287 3: 10 
1289 4: 2859 2861 2867 
1290 0: 1320 
1291 2: 6271 
1294 2: 719 728 729 
1295 3: 2041 
1297 4: 6505 
1298 0: 3943 
1300 1: 2726 
1306 1: 3651 
1309 3: 1033 1035 1037 1040 
1312 2: 6467 6468 6471 6472 6475 
1317 1: 3102 3104 3107 3108 
1318 1: 2945 2946 2947 2953 
1319 0: 1707 
1320 4: 6505 
1321 2: 4205 4207 4209 4215 4217 
1323 0: 348 1215 1216 1217 
1324 1: 1325 1999 2000 2002 
1325 1: 30 
1327 1: 1323 1324 1325 1328 
1328 1: 1323 1324 1325 1327 
1329 1: 1855 1856 1858 1859 1860 
1332 1: 1470 1474 
1333 0: 3851 3852 
1334 2: 1770 1771 
1338 2: 2012 2014 
1339 4: 2776 2780 2784 2789 2792 2794 2803 2809 
1340 2: 6044 6047 6048 6049 
1363 0: 3850 
1369 1: 1551 4883 
1376 0: 2574 
1378 2: 2181 2182 2183 2187 2188 2189 5103 5104 
1380 2: 3310 
1382 1: 2942 2963 
1383 3: 1225 1228 1229 1232 1233 1235 1237 
1386 4: 2231 2232 2251 2253 2254 2255 2263 2265 2266 2267 2300 2365 2366 2394 2395 2396 
1391 1: 4356 4358 4359 
1392 0: 4383 
1393 0: 6174 6175 6176 
1397 1: 605 
1400 0: 5422 
1401 3: 4807 
1402 1: 6288 
1404 1: 1450 
1405 1: 6528 6529 6531 6544 6545 6549 
1406 4: 2776 2780 2784 2789 2792 2794 2803 2809 
1408 2: 2368 2371 2372 2373 2374 2375 2376 2380 2390 
1409 0: 1320 
1413 1: 30 
1414 1: 1418 1419 
1418 0: 2799 
1419 4: 2859 2861 2867 
1421 1: 2526 
1423 1: 1131 1134 
1427 1: 3268 3270 3274 3275 3301 3305 3306 
1434 0: 6006 6507 
1439 1: 922 
1446 2: 2291 2292 2301 2302 2306 2307 2309 2310 2322 2325 2327 2328 2332 2335 2336 2337 2340 
1447 1: 1867 
1448 2: 6536 6537 6539 6540 6543 
1450 1: 1455 1456 
1455 2: 1889 
1456 3: 3024 
1460 1: 3058 3060 
1470 0: 6507 
1474 5: 3417 3421 3422 3427 
1477 2: 719 728 729 
1479 0: 1491 
1482 1: 1197 1198 1199 1201 1204 4782 
1491 0: 379 
1492 4: 2859 2861 2867 
1495 4: 2776 2780 2784 2789 2792 2794 2803 2809 
1496 1: 1218 
1497 4: 2776 2780 2784 2789 2792 2794 2803 2809 
1502 1: 4219 4220 4221 4222 5804 
1503 1: 3817 
1511 0: 903 
1513 2: 2322 
1516 1: 3046 
1519 1: 3224 3227 
1528 1: 4613 
1532 2: 1496 4864 
1533 4: 242 247 248 249 250 256 257 259 262 
1535 0: 3478 3479 
1536 1: 2265 2266 2267 6528 6529 6531 6544 6545 6549 
1537 1: 2089 
1539 0: 3708 
1540 1: 3951 
1543 0: 1214 
1551 0: 568 
1553 3: 4405 4406 
1554 1: 1218 
1558 1: 314 1559 
1559 1: 1869 1873 
1563 1: 317 318 319 
1566 1: 1251 1261 1264 1265 1268 1567 1568 1569 
1567 1: 30 
1568 1: 35 37 38 
1569 2: 45 
1573 4: 667 673 674 675 679 684 
1576 1: 3858 3859 
1578 0: 1804 
1580 1: 324 
1581 1: 1397 1400 1401 1402 1404 1405 1406 
1582 4: 2306 2776 2780 2784 2789 2792 2794 2803 2809 
1591 2: 1729 1731 
1592 2: 6324 
1594 2: 1060 4094 
1595 3: 2545 2548 2550 5192 
1596 1: 2043 2044 
1597 1: 1363 
1600 0: 1107 
1601 1: 2526 
1602 0: 6507 
1604 3: 2102 2113 2116 
1609 3: 1033 1035 1037 1040 
1612 2: 812 814 815 
1614 0: 1215 1216 1217 
1615 0: 780 2696 
1619 5: 3417 3421 3422 3427 
1620 2: 6517 
1624 0: 2467 
1628 0: 6174 6175 6176 
1631 1: 3323 3324 
1634 0: 3522 
1638 1: 1062 
1641 2: 1642 1643 
1642 1: 30 
1643 1: 35 37 38 
1649 2: 3281 3283 3287 
1650 0: 1946 
1655 2: 4053 
1656 0: 5422 
1657 3: 703 704 706 710 
1664 0: 3318 
1667 2: 4205 4207 4209 4215 4217 
1670 2: 4295 4298 4300 4303 
1671 0: 3509 
1672 1: 2942 2963 
1673 0: 1614 
1674 2: 4205 4207 4209 4215 4217 
1678 3: 703 704 706 710 
1685 2: 2139 2140 2141 2148 
1688 0: 781 782 783 784 785 786 787 
1689 1: 1414 1418 1419 
1692 4: 2776 2780 2784 2789 2792 2794 2803 2809 
1694 4: 1712 1713 2776 2780 2784 2789 2792 2794 2803 2809 
1695 2: 2291 2292 2301 2302 2306 2307 2309 2310 2322 2325 2327 2328 2332 2335 2336 2337 2340 
1703 1: 1543 
1707 2: 6536 6537 6539 6540 6543 
1709 2: 3452 
1710 1: 4025 
1712 1: 1804 4961 
1713 3: 3024 
1716 1: 1121 
1722 1: 781 782 783 784 785 786 787 4631 4634 
1727 3: 3381 3383 3384 3386 
1728 5: 3533 
1729 1: 849 
1731 2: 1770 1771 
1734 0: 853 
1736 2: 1778 2063 2073 
1737 4: 2859 2861 2867 6002 
1740 1: 2451 
1744 1: 1757 1759 1760 1761 1763 1764 
1747 1: 2417 2419 
1751 1: 1752 
1752 2: 2139 2140 2141 2148 
1754 3: 2559 2561 2565 2567 2568 2569 2570 
1756 1: 3459 
1757 1: 3229 
1759 1: 1760 1761 1763 1764 4420 
1760 0: 568 
1761 1: 30 
1763 0: 2853 
1764 3: 703 704 706 710 
1770 1: 2800 
1771 3: 3024 
1772 2: 3238 3239 3243 3246 3251 3253 
1774 2: 953 
1776 2: 618 
1777 0: 1214 
1778 2: 2063 2073 
1781 2: 6070 6071 6075 6076 6077 6081 
1782 4: 2776 2780 2784 2789 2792 2794 2803 2809 
1790 2: 2527 
1791 1: 1751 1752 
1794 4: 2776 2780 2784 2789 2792 2794 2803 2809 
1798 1: 1854 
1799 2: 2591 2594 2597 
1802 3: 4405 4406 
1803 1: 3643 
1804 1: 1251 1261 1264 1265 1268 
1805 1: 3224 3227 
1807 1: 3224 3227 
1809 1: 1218 
1811 1: 4219 4220 4221 4222 
1819 0: 2479 2480 2481 5173 5174 
1820 1: 6362 
1821 1: 1854 
1822 0: 2646 
1825 0: 875 
1826 2: 2368 2371 2372 2373 2374 2375 2376 2380 2390 
1827 1: 3683 3684 
1830 1: 3102 3104 3107 3108 
1840 0: 3994 
1845 1: 6511 
1854 0: 891 
1855 1: 1856 1858 1859 1860 
1856 2: 1791 
1858 2: 4295 4298 4300 4303 
1859 1: 6144 
1860 1: 1855 1856 1858 1859 
1863 0: 1162 
1867 2: 3768 3769 
1869 2: 3298 
1872 1: 3036 
1873 2: 6106 6107 6109 6112 6113 6114 6133 
1875 1: 3036 
1883 2: 4148 
1888 0: 5994 
1889 2: 3310 
1890 0: 780 
1893 0: 2799 
1895 0: 3510 
1896 4: 667 673 674 675 679 684 
1897 1: 477 
1907 1: 2037 
1910 1: 2169 
1912 0: 780 
1916 3: 1225 1228 1229 1232 1233 1235 1237 
1918 1: 1397 1400 1401 1402 1404 1405 1406 
1920 0: 301 
1921 1: 30 
1923 3: 1655 1656 
1928 1: 1854 
1930 1: 1363 
1934 4: 2859 2861 2867 
1935 0: 301 
1937 0: 1215 1216 1217 
1938 1: 2945 2946 2947 2953 
1939 1: 2945 2946 2947 2953 
1940 0: 1320 
1941 1: 317 318 319 
1944 2: 6451 
1945 0: 1332 1333 1334 
1946 0: 4035 
1949 1: 1131 1134 
1955 1: 3944 3948 5333 5334 
1962 0: 2679 2682 
1965 3: 1225 1228 1229 1232 1233 1235 1237 
1971 0: 3722 
1976 1: 739 740 741 
1978 3: 2102 2113 2116 
1979 2: 6271 
1981 0: 1166 
1982 1: 1323 1324 1325 1327 1328 
1988 3: 124 129 
1990 1: 2942 2963 
1999 1: 1470 1474 
2000 0: 3658 
2002 0: 6098 
2005 0: 1423 
2006 4: 2859 2861 2867 
2009 1: 4177 4178 4179 4181 5797 5798 
2012 1: 3224 3227 
2014 3: 1655 1656 
2017 0: 6098 
2018 1: 6356 
2020 4: 2859 2861 2867 
2027 0: 519 
2028 1: 4219 4220 4221 4222 
2029 3: 3340 3341 3342 3389 3393 
2031 2: 4124 4125 
2032 1: 1543 
2035 1: 2169 
2037 0: 1095 
2041 0: 373 
2042 0: 1447 
2043 0: 6331 
2044 1: 1450 
2050 1: 2960 
2055 0: 1804 
2057 2: 6271 
2063 2: 3238 3239 3243 3246 3251 3253 
2066 0: 5644 
2069 1: 1450 
2070 1: 324 
2073 1: 2005 
2074 0: 1694 
2076 2: 2077 2527 
2077 1: 30 
2084 1: 3224 3227 
2087 1: 1450 
2088 0: 853 
2089 3: 4405 4406 5854 
2093 2: 3238 3239 3243 3246 3251 3253 
2095 6: 1990 
2099 5: 3417 3421 3422 3427 
2102 1: 1139 1140 
2113 3: 2102 2116 
2116 0: 4167 
2118 1: 2403 
2119 1: 2181 2182 2183 2187 2188 2189 
2120 0: 3018 
2123 1: 1757 1759 1760 1761 1763 1764 
2124 4: 2231 2232 2251 2253 2254 2255 2263 2265 2266 2267 2300 2365 2366 2394 2395 2396 
2126 1: 4025 
2130 4: 2859 2861 2867 
2135 4: 2859 2861 2867 
2138 3: 4405 4406 
2139 0: 222 2140 2141 
2140 1: 3224 3227 
2141 1: 35 37 38 
2148 1: 3817 
2149 0: 2646 
2151 0: 2467 5127 
2152 0: 5182 5183 5184 
2153 2: 2524 
2155 0: 3823 
2157 4: 2859 2861 2867 
2159 1: 1867 
2163 1: 2169 
2164 1: 1408 1409 
2169 4: 2776 2780 2784 2789 2792 2794 2803 2809 
2181 1: 1408 1409 
2182 1: 1736 1737 
2183 0: 1805 
2187 0: 2188 2189 3454 3455 
2188 1: 30 
2189 1: 35 37 38 
2190 0: 1496 
2192 1: 6288 
2193 3: 2102 2113 2116 
2195 2: 5950 5951 5953 5955 6356 
2199 2: 485 487 488 
2203 1: 2726 
2205 0: 871 
2208 1: 1363 
2209 1: 1218 
2213 1: 2987 2988 
2214 0: 646 
2219 2: 1271 1272 4802 
2221 0: 4275 
2223 1: 982 
2225 3: 6434 6437 6438 6439 6447 
2231 1: 2037 
2232 1: 2726 5288 
2240 2: 2527 
2242 4: 6505 
2243 0: 779 
2244 0: 1976 
2248 0: 2031 2032 
2250 1: 1397 1400 1401 1402 1404 1405 1406 
2251 2: 6271 
2253 2: 4295 4298 4300 4303 
2254 3: 2277 
2255 2: 4411 4419 
2257 1: 6528 6529 6531 6544 6545 6549 
2258 0: 5644 
2259 1: 360 
2262 3: 1225 1228 1229 1232 1233 1235 1237 
2263 0: 6174 6175 6176 
2265 1: 2942 2963 
2266 2: 3298 
2267 1: 1251 1261 1264 1265 1268 
2270 1: 1139 1140 
2273 1: 6528 6529 6531 6544 6545 6549 
2277 2: 2139 2140 2141 2148 
2279 2: 2672 2674 2675 2677 
2282 1: 317 318 319 
2284 0: 2394 
2291 3: 703 704 706 710 
2292 1: 1121 
2294 0: 1215 1216 1217 
2295 4: 2859 2861 2867 
2298 2: 4295 4298 4300 4303 
2300 0: 1811 
2301 0: 1976 
2302 1: 1090 
2303 0: 5994 
2306 1: 6356 
2307 1: 897 
2309 5: 3417 3421 3422 3427 
2310 0: 6507 
2314 4: 2859 2861 2867 
2317 2: 2672 2674 2675 2677 
2322 2: 3310 
2325 1: 2945 2946 2947 2953 
2327 2: 3238 3239 3243 3246 3251 3253 5468 
2328 3: 1655 1656 
2332 1: 1612 
2335 1: 1197 1198 1199 1201 1204 
2336 2: 2672 2674 2675 2677 
2337 1: 6511 
2340 2: 1271 1272 
2342 2: 719 728 729 
2343 2: 3238 3239 3243 3246 3251 3253 5468 
2363 1: 1923 
2365 1: 4177 4178 4179 4181 
2366 2: 4295 4298 4300 4303 
2368 2: 3912 
2371 1: 6511 
2372 1: 6528 6529 6531 6544 6545 6549 
2373 1: 6528 6529 6531 6544 6545 6549 
2374 0: 1578 
2375 1: 2087 
2376 2: 3238 3239 3243 3246 3251 3253 3371 3372 
2380 2: 4894 
2382 4: 2776 2780 2784 2789 2792 2794 2803 2809 
2384 2: 6179 6183 
2385 1: 6511 
2386 2: 2672 2674 2675 2677 
2388 0: 3454 3455 
2389 1: 3464 
2390 2: 6213 6214 6216 6217 6218 6219 6220 6222 6224 6226 6230 
2394 1: 2719 2720 2721 
2395 2: 812 814 815 
2396 1: 1397 1400 1401 1402 1404 1405 1406 
2400 2: 6213 6214 6216 6217 6218 6219 6220 6222 6224 6226 6230 
2403 0: 853 
2417 1: 1757 1759 1760 1761 1763 1764 
2419 2: 6517 
2420 1: 30 
2422 3: 3738 3739 5667 
2423 2: 485 487 488 
2425 0: 2426 
2426 1: 30 
2427 2: 3452 
2434 1: 1854 
2436 0: 903 
2438 5: 4128 4130 
2442 2: 5967 5968 
2447 0: 365 
2448 2: 4104 
2449 3: 2545 2548 2550 5192 
2451 1: 1890 1896 1897 
2459 0: 3634 
2461 1: 1323 1324 1325 1327 1328 
2466 0: 1819 1820 
2467 1: 1450 
2468 0: 3752 3753 
2471 2: 3238 3239 3243 3246 3251 3253 
2475 0: 780 
2479 0: 2480 2481 
2480 0: 754 755 756 
2481 0: 1634 
2488 3: 162 2559 2561 2565 2567 2568 2569 2570 
2489 1: 3951 
2490 0: 780 
2491 2: 1770 1771 
2493 2: 1770 1771 
2494 1: 2043 2044 
2495 1: 2742 2744 
2496 1: 2882 
2506 4: 2776 2780 2784 2789 2792 2794 2803 2809 
2508 3: 1033 1035 1037 1040 
2517 2: 485 487 488 
2518 1: 2028 2029 
2524 1: 6511 
2526 1: 30 
2527 1: 3102 3104 3107 3108 
2529 3: 2559 2561 2565 2567 2568 2569 2570 
2534 0: 1114 
2539 1: 1079 1083 
2540 1: 2043 2044 
2545 1: 3224 3227 
2548 0: 2479 2480 2481 5173 5174 
2550 0: 3675 
2557 0: 1694 
2559 1: 512 
2561 1: 1893 1895 
2565 1: 1251 1261 1264 1265 1268 
2567 4: 6505 
2568 2: 812 814 815 
2569 1: 1855 1856 1858 1859 1860 
2570 1: 2942 2963 
2574 1: 3323 3324 
2582 1: 1667 
2591 0: 2799 
2594 3: 6434 6437 6438 6439 6447 
2597 1: 4613 
2601 3: 1225 1228 1229 1232 1233 1235 1237 4792 4793 
2602 0: 2603 
2603 2: 2672 2674 2675 2677 
2604 2: 2672 2674 2675 2677 
2606 2: 2139 2140 2141 2148 
2607 1: 2089 
2608 0: 1183 1184 
2609 1: 1218 
2614 2: 3238 3239 3243 3246 3251 3253 
2619 2: 3452 
2623 1: 1218 
2630 1: 2942 2963 
2634 1: 2043 2044 
2637 0: 3278 
2638 1: 1703 
2640 3: 6356 
2646 3: 5313 5314 5316 
2648 3: 1225 1228 1229 1232 1233 1235 1237 4792 4793 
2651 1: 6553 
2652 0: 2653 2654 2655 
2653 1: 30 
2654 1: 35 37 38 
2655 2: 45 
2657 0: 3752 3753 
2658 3: 4089 
2660 2: 2012 2014 
2662 4: 2776 2780 2784 2789 2792 2794 2803 2809 
2663 1: 3951 
2666 2: 2591 2594 2597 
2668 0: 4245 4246 4247 
2669 1: 2526 
2670 0: 1423 
2672 1: 2181 2182 2183 2187 2188 2189 
2674 1: 548 549 
2675 2: 2368 2371 2372 2373 2374 2375 2376 2380 2390 
2677 1: 1612 
2679 2: 6271 
2680 0: 772 
2682 0: 1215 1216 1217 
2683 5: 4128 4130 
2690 1: 1294 1295 
2691 2: 4053 
2694 4: 2859 2861 2867 
2695 0: 754 755 756 
2696 2: 719 728 729 
2699 2: 1000 1002 1008 
2700 3: 1033 1035 1037 1040 
2702 0: 1685 
2705 4: 2859 2861 2867 
2707 1: 2945 2946 2947 2953 
2709 0: 4308 
2710 1: 3036 
2718 0: 6507 
2719 1: 1323 1324 1325 1327 1328 
2720 0: 1707 
2721 1: 1855 1856 1858 1859 1860 
2726 2: 1496 4864 
2728 1: 2089 
2730 2: 6271 
2731 4: 2776 2780 2784 2789 2792 2794 2803 2809 
2732 0: 3850 
2736 2: 4205 4207 4209 4215 4217 
2738 2: 3238 3239 3243 3246 3251 3253 
2739 0: 1215 1216 1217 
2742 1: 6511 
2744 2: 3749 
2745 0: 2746 2747 4370 
2746 2: 3310 
2747 0: 6123 6124 
2754 1: 6356 
2759 2: 2368 2371 2372 2373 2374 2375 2376 2380 2390 
2770 2: 2601 
2776 1: 1251 1261 1264 1265 1268 
2780 1: 1131 1134 
2784 6: 1990 
2789 3: 3024 
2792 2: 4817 
2794 2: 2672 2674 2675 2677 
2799 2: 485 487 488 
2800 3: 4268 
2803 1: 3951 
2809 2: 2291 2292 2301 2302 2306 2307 2309 2310 2322 2325 2327 2328 2332 2335 2336 2337 2340 
2810 1: 6528 6529 6531 6544 6545 6549 
2811 2: 2672 2674 2675 2677 
2816 2: 2672 2674 2675 2677 
2817 1: 2942 2963 
2820 0: 4050 
2822 3: 1033 1035 1037 1040 
2823 1: 1867 
2826 1: 3411 
2828 1: 2043 2044 
2830 4: 2776 2780 2784 2789 2792 2794 2803 2809 
2831 1: 2832 
2832 1: 30 
2836 1: 1703 
2837 0: 2853 
2839 2: 812 814 815 
2844 1: 3116 3117 3118 
2847 4: 2776 2780 2784 2789 2792 2794 2803 2809 
2850 2: 6517 
2853 3: 3172 3173 3174 
2859 2: 2181 2182 2183 2187 2188 2189 5103 5104 
2861 3: 1655 1656 
2867 0: 6174 6175 6176 
2869 1: 2037 
2870 4: 2859 2861 2867 
2873 2: 6517 
2876 1: 2800 
2880 1: 1251 1261 1264 1265 1268 
2881 0: 2679 2682 
2882 2: 2368 2371 2372 2373 2374 2375 2376 2380 2390 
2886 1: 3817 
2890 1: 1736 1737 
2894 1: 6511 
2895 4: 2231 2232 2251 2253 2254 2255 2263 2265 2266 2267 2300 2365 2366 2394 2395 2396 
2897 2: 3543 
2898 1: 2945 2946 2947 2953 
2899 1: 1855 1856 1858 1859 1860 
2904 0: 6319 
2905 6: 473 481 
2907 0: 882 
2913 1: 1855 1856 1858 1859 1860 
2915 0: 4275 
2916 2: 45 
2919 4: 2859 2861 2867 
2920 3: 1113 
2921 4: 667 673 674 675 679 684 
2930 1: 30 
2935 0: 1332 1333 1334 
2937 4: 2859 2861 2867 
2938 1: 2942 2963 
2939 1: 3102 3104 3107 3108 
2942 4: 2231 2232 2251 2253 2254 2255 2263 2265 2266 2267 2300 2365 2366 2394 2395 2396 
2945 0: 870 
2946 1: 2634 
2947 4: 667 673 674 675 679 684 
2953 0: 1955 
2957 0: 772 
2959 1: 1251 1261 1264 1265 1268 
2960 0: 2467 
2961 1: 3032 3033 
2963 1: 6528 6529 6531 6544 6545 6549 
2969 2: 1563 
2974 1: 1543 
2976 0: 3850 
2978 2: 6536 6537 6539 6540 6543 
2980 1: 3102 3104 3107 3108 
2982 1: 6356 
2984 0: 2152 2153 
2985 3: 3024 
2987 6: 473 481 
2988 3: 3172 3173 3174 
2989 2: 1619 1620 
2998 1: 2999 
2999 0: 568 
3000 1: 3001 
3001 1: 30 
3015 0: 6098 
3018 1: 6511 
3021 3: 3024 
3024 1: 3293 3295 
3029 0: 6174 6175 6176 
3032 1: 2181 2182 2183 2187 2188 2189 
3033 0: 779 
3036 0: 508 
3042 2: 2672 2674 2675 2677 
3046 1: 3102 3104 3107 3108 
3050 2: 1087 2139 2140 2141 2148 
3057 2: 2063 2073 
3058 0: 4160 
3060 2: 3238 3239 3243 3246 3251 3253 
3061 0: 1215 1216 1217 
3068 1: 2181 2182 2183 2187 2188 2189 
3070 0: 3071 
3071 1: 6144 
3072 2: 1306 
3079 0: 3018 
3083 2: 3281 3283 3287 
3085 2: 3238 3239 3243 3246 3251 3253 3878 
3091 1: 6362 
3092 3: 1027 
3097 1: 3293 3295 
3098 0: 1423 
3102 1: 3104 3107 3108 
3104 1: 1251 1261 1264 1265 1268 
3107 2: 1657 1664 4916 4917 
3108 2: 4333 4335 4336 
3114 1: 6356 
3116 0: 779 
3117 1: 3817 
3118 1: 2037 5068 
3122 0: 2467 
3129 1: 2043 2044 
3132 2: 485 487 488 
3135 2: 2672 2674 2675 2677 
3138 0: 1290 2799 
3140 2: 2591 2594 2597 
3148 3: 703 704 706 710 1678 
3151 1: 1854 3152 
3152 1: 30 
3153 1: 2539 2540 
3155 2: 2672 2674 2675 2677 3156 3157 
3156 1: 1596 1597 
3157 1: 2942 2963 
3160 4: 2448 2449 
3163 1: 1949 
3165 1: 3605 
3166 0: 5422 
3169 3: 178 179 182 184 
3171 0: 4050 
3172 0: 165 
3173 1: 1209 
3174 1: 2945 2946 2947 2953 
3179 0: 3765 
3180 4: 2776 2780 2784 2789 2792 2794 2803 2809 
3187 1: 3224 3227 
3194 0: 2529 
3199 5: 4128 4130 
3200 0: 2529 
3201 0: 3199 
3203 1: 1197 1198 1199 1201 1204 
3206 2: 6044 6047 6048 6049 
3214 0: 222 
3216 0: 4304 
3218 3: 4268 
3220 3: 1033 1035 1037 1040 
3221 0: 1423 
3222 1: 2169 
3223 1: 1854 
3224 0: 1114 
3227 1: 3224 
3229 1: 1757 1759 1760 1761 1763 1764 
3233 0: 222 
3238 0: 1215 1216 1217 
3239 3: 1033 1035 1037 1040 4708 
3243 0: 2853 
3246 1: 3058 3060 
3251 3: 1225 1228 1229 1232 1233 1235 1237 5288 
3253 1: 1450 
3259 0: 2799 
3264 2: 1729 1731 
3265 1: 1670 1671 1672 
3266 6: 473 481 
3267 0: 1694 
3268 2: 3725 3729 3730 3731 3733 3735 
3270 3: 1519 
3273 1: 3323 3324 
3274 2: 485 487 488 
3275 2: 2601 
3278 2: 2672 2674 2675 2677 
3281 1: 544 
3283 1: 1121 
3287 0: 165 
3293 0: 6174 6175 6176 
3295 1: 3485 
3298 1: 1450 
3301 2: 485 487 488 
3305 5: 3417 3421 3422 3427 
3306 2: 2591 2594 2597 
3308 0: 3850 
3310 1: 1376 1378 1380 1382 1383 
3317 1: 6201 
3318 2: 4053 
3320 2: 2527 
3323 4: 667 673 674 675 679 684 4596 
3324 0: 2869 
3327 1: 2945 2946 2947 2953 
3329 3: 1869 1873 
3332 1: 1363 
3335 1: 3903 
3337 1: 1090 
3340 0: 1215 1216 1217 3341 
3341 0: 1707 
3342 0: 4304 
3343 0: 395 396 
3345 2: 2672 2674 2675 2677 
3355 2: 4295 4298 4300 4303 
3357 1: 3944 3948 
3360 0: 1215 1216 1217 
3362 1: 2037 5068 
3363 0: 1114 
3366 0: 2298 
3368 1: 2089 
3371 2: 4191 4192 
3372 3: 2545 2548 2550 5192 
3373 2: 3238 3239 3243 3246 3251 3253 5468 
3374 0: 1114 
3376 2: 6070 6071 6075 6076 6077 6081 
3377 0: 6358 
3381 1: 6482 
3383 0: 3384 
3384 1: 4141 4142 
3386 1: 6528 6529 6531 6544 6545 6549 
3389 1: 544 4537 
3393 1: 6144 
3404 0: 3478 3479 
3406 3: 1225 1228 1229 1232 1233 1235 1237 4792 4793 
3408 0: 4035 
3411 3: 3024 
3413 1: 3416 6144 
3415 2: 4124 4125 
3416 1: 6144 
3417 1: 1073 
3421 2: 719 728 729 
3422 0: 3461 
3427 0: 3912 
3430 4: 6125 
3435 0: 3454 3455 
3439 0: 779 
3440 0: 4275 
3441 1: 3817 
3447 2: 3768 3769 
3452 4: 6505 
3454 1: 1854 
3455 1: 3032 3033 
3459 1: 1294 1295 
3461 2: 2974 2976 
3464 0: 5182 5183 5184 
3465 1: 1867 
3466 0: 1805 
3467 3: 1225 1228 1229 1232 1233 1235 1237 
3468 0: 6507 
3473 1: 2882 
3475 1: 2043 2044 
3478 0: 2253 2254 
3479 0: 4371 4372 
3480 0: 3278 
3482 2: 2974 2976 
3485 3: 588 591 592 593 
3488 2: 1770 1771 
3494 3: 1225 1228 1229 1232 1233 1235 1237 4792 4793 
3497 1: 3447 
3499 1: 544 
3502 0: 3057 
3506 0: 3795 3796 3797 
3507 2: 812 814 815 
3509 0: 379 
3510 2: 4053 
3512 0: 4371 4372 
3513 0: 891 
3516 1: 1414 1418 1419 
3518 1: 6288 
3522 4: 667 673 674 675 679 684 
3523 1: 2037 5068 
3524 2: 1338 1339 1340 
3529 1: 2037 
3530 1: 1869 1873 
3533 1: 2942 2963 
3543 2: 3725 3729 3730 3731 3733 3735 
3551 4: 3553 3555 
3553 0: 6154 
3555 1: 544 
3561 0: 4013 5506 
3567 0: 1215 1216 1217 
3568 3: 3738 3739 
3577 1: 30 
3578 3: 1655 1656 
3579 3: 162 2559 2561 2565 2567 2568 2569 2570 
3581 6: 473 481 
3582 3: 3513 
3584 4: 6505 
3588 2: 1619 1620 
3592 3: 1033 1035 1037 1040 4708 
3595 1: 3447 
3599 1: 3903 
3602 0: 3603 
3603 1: 30 
3605 2: 6517 
3606 2: 2601 
3607 2: 3238 3239 3243 3246 3251 3253 3608 3609 
3608 3: 2559 2561 2565 2567 2568 2569 2570 5221 
3609 1: 1543 
3610 2: 2672 2674 2675 2677 
3613 0: 544 3454 3455 
3616 3: 1225 1228 1229 1232 1233 1235 1237 
3622 4: 2776 2780 2784 2789 2792 2794 2803 2809 
3623 1: 2894 2895 3624 3627 
3624 2: 45 
3627 3: 3738 3739 
3628 1: 1121 
3630 0: 3658 
3632 0: 1976 
3633 3: 6103 
3634 5: 67 69 72 76 77 92 96 107 116 120 139 142 144 145 147 148 161 162 185 186 225 226 236 269 271 284 285 313 367 369 370 377 385 389 394 402 406 407 408 412 414 415 424 433 434 438 459 460 
3639 3: 2041 
3643 3: 1655 1656 
3648 2: 4817 
3651 1: 1218 
3654 4: 2859 2861 2867 
3658 4: 2859 2861 2867 
3661 0: 390 
3665 0: 3823 
3670 3: 2041 
3672 3: 1655 1656 
3674 2: 6517 
3675 1: 3648 
3678 0: 3795 3796 3797 5683 
3683 2: 2672 2674 2675 2677 
3684 1: 2945 2946 2947 2953 
3689 5: 3417 3421 3422 3427 
3691 0: 1214 
3694 1: 1558 1559 
3695 0: 2042 
3697 0: 3765 
3702 1: 1558 1559 
3703 1: 1855 1856 1858 1859 1860 
3704 2: 2074 2076 2077 
3706 3: 1655 1656 
3707 0: 1805 
3708 2: 1619 1620 
3709 1: 3951 
3712 4: 2859 2861 2867 
3714 0: 1114 
3716 4: 2859 2861 2867 
3717 1: 1414 1418 1419 
3720 1: 1543 3721 
3721 0: 373 
3722 4: 2859 2861 2867 
3723 1: 2894 2895 3623 3624 3627 
3725 1: 1685 4930 
3729 3: 2102 2113 2116 
3730 1: 2942 2963 
3731 2: 2601 
3733 1: 3447 
3735 0: 3765 
3738 0: 3739 
3739 1: 3447 
3747 2: 4264 
3749 2: 308 3310 
3751 1: 3747 
3752 1: 1121 
3753 2: 4817 
3755 0: 781 782 783 784 785 786 787 
3758 3: 4405 4406 
3762 0: 1804 
3765 2: 3725 3729 3730 3731 3733 3735 
3768 0: 1805 
3769 1: 2181 2182 2183 2187 2188 2189 
3770 1: 1323 1324 1325 1327 1328 
3787 1: 30 
3788 1: 35 37 38 
3793 4: 2859 2861 2867 
3794 0: 2907 
3795 2: 2113 3903 
3796 1: 3903 
3797 2: 4205 4207 4209 4215 4217 
3804 1: 2942 2963 
3813 1: 1323 1324 1325 1327 1328 
3817 4: 6125 
3821 6: 473 481 
3822 3: 1225 1228 1229 1232 1233 1235 1237 
3823 3: 3691 3694 3695 3697 
3826 0: 5994 
3832 1: 3447 
3834 0: 780 
3835 2: 6467 6468 6471 6472 6475 
3841 2: 2368 2371 2372 2373 2374 2375 2376 2380 2390 
3842 2: 812 814 815 
3845 1: 1751 1752 
3850 2: 1271 1272 
3851 0: 3852 
3852 1: 30 
3856 0: 3478 3479 
3858 1: 2181 2182 2183 2187 2188 2189 
3859 1: 2945 2946 2947 2953 
3864 0: 1183 1184 2608 
3878 0: 1634 
3880 1: 35 37 38 
3882 0: 1183 1184 2608 
3884 0: 1907 
3889 1: 360 
3890 1: 4094 4095 
3893 0: 3894 3895 3896 
3894 1: 30 
3895 1: 35 37 38 
3896 2: 45 
3898 1: 605 
3899 4: 6505 
3903 0: 3795 3796 3797 
3908 1: 30 
3909 1: 35 37 38 
3910 2: 3908 3909 
3912 4: 2776 2780 2784 2789 2792 2794 2803 2809 
3916 3: 588 591 592 593 
3926 0: 3478 3479 
3927 0: 6098 
3928 1: 1543 3929 
3929 1: 1543 2032 
3930 0: 3850 
3931 2: 1215 1216 1217 4789 4790 
3932 2: 6142 6143 
3938 0: 3018 
3943 1: 3323 3324 
3944 1: 849 
3948 0: 6088 
3951 4: 2859 2861 2867 
3954 1: 511 
3959 4: 2859 2861 2867 5868 5869 
3960 1: 5934 
3964 4: 2306 2776 2780 2784 2789 2792 2794 2803 2809 
3968 0: 1183 1184 
3977 3: 1225 1228 1229 1232 1233 1235 1237 4792 4793 
3979 1: 2942 2963 
3981 3: 4405 4406 
3982 1: 1251 1261 1264 1265 1268 
3983 1: 6362 
3985 2: 4411 4419 
3986 2: 2368 2371 2372 2373 2374 2375 2376 2380 2390 
3987 6: 473 481 
3988 0: 1107 
3990 4: 2859 2861 2867 5340 5342 5345 5354 5355 5356 5357 5360 5361 5365 
3991 2: 3355 3357 3360 3362 3363 3366 3368 3371 3372 3373 3374 3376 5496 5497 
3994 0: 1695 
4001 1: 2526 
4002 0: 4003 
4003 1: 30 
4008 1: 30 
4013 5: 3417 3421 3422 3427 
4014 1: 3224 3227 
4015 0: 779 
4019 2: 3238 3239 3243 3246 3251 3253 
4021 5: 3845 
4025 3: 1033 1035 1037 1040 
4030 1: 2945 2946 2947 2953 
4035 3: 1033 1035 1037 1040 
4036 0: 3658 
4037 1: 1628 
4048 0: 4304 
4050 2: 1271 1272 
4053 3: 2102 2113 2116 
4054 0: 1754 
4057 1: 30 
4058 1: 1670 1671 1672 
4060 1: 3224 3227 
4063 0: 903 
4065 2: 1502 
4067 1: 2942 2963 
4068 1: 2130 
4073 1: 1566 1567 1568 1569 
4078 3: 4089 
4084 0: 4371 4372 
4085 2: 1563 
4087 2: 2139 2140 2141 2148 
4089 0: 1215 1216 1217 
4093 1: 1854 
4094 2: 1060 
4095 1: 2037 
4102 1: 739 740 741 
4104 4: 2776 2780 2784 2789 2792 2794 2803 2809 
4106 1: 1854 
4107 1: 1855 1856 1858 1859 1860 
4108 1: 2089 
4111 5: 4128 4130 
4112 1: 6528 6529 6531 6544 6545 6549 
4113 1: 2942 2963 
4114 0: 1536 
4115 1: 3220 3221 3222 3223 3224 3227 
4117 2: 60 62 
4118 2: 60 62 
4120 2: 6467 6468 6471 6472 6475 
4121 3: 1033 1035 1037 1040 4708 
4124 2: 4148 
4125 4: 2859 2861 2867 5868 5869 
4128 1: 1408 1409 
4130 1: 1736 1737 
4136 0: 781 782 783 784 785 786 787 
4141 1: 1692 
4142 4: 2859 2861 2867 
4148 2: 2063 2073 
4157 0: 1685 
4158 1: 3029 
4160 0: 1107 
4163 1: 6511 
4164 1: 30 
4167 3: 1225 1228 1229 1232 1233 1235 1237 4792 4793 
4171 1: 3916 
4173 1: 2181 2182 2183 2187 2188 2189 
4177 0: 1804 
4178 1: 1999 2000 2002 
4179 2: 2524 4181 
4181 1: 3430 
4183 0: 1183 1184 
4187 1: 1772 
4188 1: 2043 2044 
4191 1: 2942 2963 
4192 2: 2291 2292 2301 2302 2306 2307 2309 2310 2322 2325 2327 2328 2332 2335 2336 2337 2340 
4195 0: 2938 2939 
4205 2: 2139 2140 2141 2148 
4207 1: 3507 
4209 1: 1121 
4211 1: 2942 2963 
4215 1: 2159 
4217 2: 485 487 488 
4219 0: 1578 
4220 0: 1907 
4221 0: 4222 
4222 1: 30 
4228 1: 2694 2695 2696 2699 2700 2702 2705 2707 2709 2710 2718 
4230 0: 2020 
4231 2: 2139 2140 2141 2148 
4235 0: 1214 
4239 3: 1655 1656 
4241 0: 2691 
4242 2: 6271 
4243 2: 2368 2371 2372 2373 2374 2375 2376 2380 2390 
4245 0: 808 
4246 1: 1131 1134 
4247 2: 3238 3239 3243 3246 3251 3253 5468 
4248 1: 1131 1134 
4251 2: 4295 4298 4300 4303 
4255 2: 4001 
4258 0: 4371 4372 
4259 2: 2063 2073 6114 
4264 1: 1218 
4266 2: 2181 2182 2183 2187 2188 2189 5103 5104 
4268 1: 2921 
4271 1: 3447 
4275 3: 1655 1656 
4278 1: 2694 2695 2696 2699 2700 2702 2705 2707 2709 2710 2718 4279 
4279 1: 30 
4281 1: 6528 6529 6531 6544 6545 6549 
4284 0: 2467 
4285 1: 1251 1261 1264 1265 1268 
4286 2: 1619 1620 
4288 2: 4295 4298 4300 4303 
4289 0: 2853 
4291 0: 4163 
4292 1: 6144 
4295 1: 946 949 
4298 1: 2800 
4300 0: 42 
4303 1: 3903 
4304 0: 715 
4308 1: 4219 4220 4221 4222 
4309 1: 30 
4310 0: 1685 
4317 1: 2942 2963 
4321 1: 1323 1324 1325 1327 1328 
4325 1: 1804 4961 
4326 1: 6553 
4333 0: 1183 1184 
4335 1: 2668 
4336 1: 3293 3295 
4341 2: 3912 
4345 2: 2524 
4356 0: 1804 
4358 0: 3850 
4359 2: 2368 2371 2372 2373 2374 2375 2376 2380 2390 
4363 1: 1804 4961 
4369 3: 4405 4406 
4370 1: 3951 
4371 1: 324 
4372 1: 3651 
4376 1: 1854 
4377 3: 1033 1035 1037 1040 5314 
4378 4: 2859 2861 2867 
4379 0: 4903 
4383 4: 3551 3553 3555 
4386 0: 3506 
4393 1: 6528 6529 6531 6544 6545 6549 
4395 2: 1306 
4402 0: 1215 1216 1217 
4405 2: 3238 3239 3243 3246 3251 3253 
4406 1: 6144 
4411 2: 953 
4416 2: 2672 2674 2675 2677 
4419 2: 3310 
4420 0: 6358 
4421 0: 1215 1216 1217 
4424 1: 1434 6105 
4425 0: 1215 1216 1217 
4426 4: 2859 2861 2867 
4435 1: 2181 2182 2183 2187 2188 2189 
4448 1: 1294 1295 
4453 1: 3981 3982 3983 
4456 2: 3639 
4459 0: 5644 
4461 3: 955 956 
4462 0: 3478 3479 
4465 1: 1855 1856 1858 1859 1860 
4468 4: 2859 2861 2867 
4474 0: 1166 
4475 2: 2163 2164 
4479 1: 336 
4481 0: 3454 3455 
4483 0: 365 
4492 1: 6356 
4493 0: 2479 2480 2481 
4501 3: 703 704 706 710 
4506 0: 470 
4507 6: 473 481 4509 
4509 1: 1062 
4510 1: 483 484 
4513 1: 548 549 4546 
4514 1: 4516 
4516 0: 6154 
4519 0: 3823 
4530 0: 4531 4535 
4531 0: 3478 3479 
4535 0: 6431 
4537 1: 544 
4546 1: 1121 
4558 4: 2859 2861 2867 
4559 1: 1539 1540 
4565 2: 719 728 729 
4568 0: 875 
4572 1: 1121 
4573 1: 2181 2182 2183 2187 2188 2189 
4574 1: 1455 1456 
4577 0: 2042 
4582 2: 3355 3357 3360 3362 3363 3366 3368 3371 3372 3373 3374 3376 
4583 1: 3507 
4584 2: 3355 3357 3360 3362 3363 3366 3368 3371 3372 3373 3374 3376 
4585 0: 4067 
4589 1: 6144 
4592 3: 6434 6437 6438 6439 6447 
4596 1: 317 318 319 
4606 1: 3605 
4613 1: 849 
4614 1: 739 740 741 
4631 1: 781 782 783 784 785 786 787 4634 
4634 1: 511 
4637 0: 1685 
4640 1: 1323 1324 1325 1327 1328 
4643 1: 1062 
4645 2: 6271 
4651 1: 1062 
4654 1: 849 
4657 0: 871 
4663 3: 4268 
4664 0: 780 
4670 1: 3850 
4671 2: 1840 1845 
4686 0: 1811 
4687 1: 1062 
4688 1: 6511 
4708 3: 1033 1035 1037 1040 
4715 2: 1825 1826 1827 
4719 3: 3024 
4720 0: 3630 
4723 3: 4268 
4725 1: 1090 
4729 0: 1819 1820 
4738 0: 2799 
4743 1: 1062 
4748 1: 1854 
4751 1: 1612 
4756 1: 1558 1559 
4759 1: 1678 
4764 1: 4765 
4765 1: 324 1037 
4769 0: 3912 
4772 0: 1804 
4774 1: 1166 4775 
4775 1: 1736 1737 
4780 0: 781 782 783 784 785 786 787 
4782 2: 1962 1965 
4789 3: 1655 1656 
4790 0: 4245 4246 4247 
4792 3: 1225 1228 1229 1232 1233 1235 1237 4793 
4793 1: 1854 
4802 1: 1496 
4807 1: 1703 
4817 5: 3417 3421 3422 3427 
4818 1: 4822 
4822 0: 3658 
4827 0: 1804 
4829 1: 2043 2044 
4835 1: 6356 
4842 0: 4383 
4844 2: 2527 
4858 4: 2859 2861 2867 
4860 1: 1062 
4864 2: 1496 
4865 2: 4295 4298 4300 4303 4866 
4866 1: 30 
4876 0: 780 
4878 2: 4205 4207 4209 4215 4217 
4880 3: 1225 1228 1229 1232 1233 1235 1237 1543 
4882 0: 3823 
4883 1: 1551 
4888 0: 781 782 783 784 785 786 787 
4894 4: 2859 2861 2867 
4898 1: 1121 
4902 2: 1619 1620 
4903 0: 2529 
4916 0: 4035 
4917 1: 1062 
4918 2: 2545 2548 2550 
4925 4: 2859 2861 2867 
4930 1: 1685 
4932 0: 1312 
4937 1: 1872 4996 
4938 0: 1710 
4950 4: 6505 
4956 1: 3042 
4961 1: 1804 
4974 0: 998 999 
4978 1: 1736 1737 
4979 1: 3032 3033 
4982 4: 2859 2861 2867 
4983 1: 1854 4984 
4984 5: 4345 
4987 1: 2181 2182 2183 2187 2188 2189 
4991 4: 2859 2861 2867 
4996 1: 1131 1134 
5002 1: 1854 
5003 1: 1450 
5005 1: 1854 
5006 1: 3058 3060 
5008 5: 4128 4130 
5009 1: 5920 5921 
5010 0: 6043 
5013 0: 5014 
5014 0: 2459 2461 
5022 3: 1519 
5023 1: 5025 
5025 1: 1450 
5032 1: 3648 
5037 1: 2159 
5045 0: 5046 
5046 1: 30 
5047 0: 1941 
5053 0: 5055 
5055 1: 1129 
5056 0: 1811 
5058 1: 1079 1083 
5062 1: 1855 1856 1858 1859 1860 
5068 1: 2942 2963 
5072 0: 1290 
5073 1: 2978 5395 
5076 2: 1563 
5078 1: 1121 
5084 0: 1802 1803 
5088 2: 2601 
5090 0: 2529 
5098 0: 3795 3796 3797 
5103 3: 1225 1228 1229 1232 1233 1235 1237 4792 4793 
5104 0: 4167 
5115 0: 3318 
5117 0: 2221 
5118 0: 2225 
5121 2: 3518 
5127 0: 2467 
5130 4: 2859 2861 2867 
5131 4: 6505 
5132 4: 2306 2776 2780 2784 2789 2792 2794 2803 2809 
5141 0: 5143 
5143 0: 4067 
5148 1: 3605 
5151 4: 2859 2861 2867 
5155 1: 5156 
5156 1: 6511 
5162 4: 2859 2861 2867 
5165 0: 781 782 783 784 785 786 787 
5169 2: 2545 2548 2550 
5171 1: 1062 
5173 0: 754 755 756 2480 5174 
5174 1: 30 
5182 0: 5183 5184 
5183 4: 2231 2232 2251 2253 2254 2255 2263 2265 2266 2267 2300 2365 2366 2394 2395 2396 
5184 1: 3507 5555 
5185 0: 2529 
5187 1: 5190 
5190 0: 1819 1820 
5192 4: 2231 2232 2251 2253 2254 2255 2263 2265 2266 2267 2300 2365 2366 2394 2395 2396 
5196 3: 2559 2561 2565 2567 2568 2569 2570 
5198 4: 2859 2861 2867 
5201 3: 3691 3694 3695 3697 
5205 1: 2181 2182 2183 2187 2188 2189 
5207 1: 1855 1856 1858 1859 1860 
5208 1: 3605 
5212 2: 1218 2609 
5219 1: 2638 2640 5254 
5221 3: 2559 2561 2565 2567 2568 2569 2570 
5222 1: 3116 3117 3118 
5223 4: 2859 2861 2867 5224 
5224 1: 1450 
5239 2: 3452 
5242 1: 6288 
5248 1: 2037 
5249 4: 2859 2861 2867 
5250 5: 2601 5207 
5251 4: 2859 2861 2867 
5254 1: 1949 
5258 1: 2181 2182 2183 2187 2188 2189 
5265 5: 4128 4130 
5275 1: 6511 
5279 2: 2545 2548 2550 
5288 1: 1854 
5295 0: 1215 1216 1217 
5297 1: 1893 1895 
5298 1: 1757 1759 1760 1761 1763 1764 
5300 2: 4295 4298 4300 4303 
5304 2: 2139 2140 2141 2148 
5305 2: 2139 2140 2141 2148 
5307 1: 5308 5309 
5308 1: 3758 5671 5673 
5309 3: 2545 2548 2550 5192 
5313 0: 781 782 783 784 785 786 787 
5314 3: 1033 1035 1037 1040 
5316 5: 4128 4130 
5321 0: 2799 
5323 1: 1397 1400 1401 1402 1404 1405 1406 
5324 2: 2672 2674 2675 2677 2811 
5329 0: 1819 1820 
5333 1: 3944 3948 5334 
5334 0: 3752 3753 
5340 4: 2859 2861 2867 5342 5345 5354 5355 5356 5357 5360 5361 5365 
5342 2: 6243 6246 
5345 0: 3765 
5347 1: 3605 
5354 1: 1450 
5355 1: 2694 2695 2696 2699 2700 2702 2705 2707 2709 2710 2718 
5356 0: 3097 6124 
5357 0: 6507 
5360 0: 5644 
5361 2: 2545 2548 2550 
5365 1: 1949 
5367 0: 6484 
5370 4: 2859 2861 2867 
5375 1: 1251 1261 1264 1265 1268 
5378 0: 2897 
5388 1: 2945 2946 2947 2953 
5393 4: 2859 2861 2867 
5395 1: 2978 
5399 1: 2169 
5400 4: 2859 2861 2867 
5403 1: 1566 1567 1568 1569 
5405 0: 2998 2999 
5406 2: 3000 3001 
5410 0: 3478 3479 
5414 1: 1062 
5417 3: 124 129 
5419 0: 1189 1804 
5420 1: 3058 3060 
5422 1: 2945 2946 2947 2953 
5424 0: 780 
5427 0: 1166 
5428 2: 1840 1845 
5433 0: 2853 
5435 4: 2859 2861 2867 
5439 2: 1619 1620 
5441 0: 2479 2480 2481 
5442 3: 2559 2561 2565 2567 2568 2569 2570 
5443 4: 2859 2861 2867 
5446 1: 3823 5688 
5449 0: 3200 
5461 0: 781 782 783 784 785 786 787 
5462 1: 6511 
5465 0: 4241 4242 
5468 0: 1215 1216 1217 
5474 2: 953 1774 
5476 2: 4124 4125 
5492 2: 3912 
5494 4: 2859 2861 2867 
5496 2: 3355 3357 3360 3362 3363 3366 3368 3371 3372 3373 3374 3376 5497 
5497 1: 511 
5500 1: 3951 
5504 4: 3411 5506 
5506 1: 2043 2044 
5518 0: 1804 
5528 0: 3454 3455 
5530 0: 3466 
5540 4: 2859 2861 2867 
5546 2: 3497 
5549 1: 1553 
5555 1: 1918 
5556 0: 754 755 756 
5566 1: 1062 
5569 4: 2776 2780 2784 2789 2792 2794 2803 2809 
5571 2: 2591 2594 2597 
5573 0: 5574 
5574 1: 6205 
5575 2: 3355 3357 3360 3362 3363 3366 3368 3371 3372 3373 3374 3376 
5576 1: 1855 1856 1858 1859 1860 
5582 0: 2984 2985 
5583 1: 3459 
5588 1: 2942 2963 
5592 2: 812 814 815 
5596 2: 1563 
5598 1: 3981 3982 3983 
5609 2: 1502 
5611 4: 2859 2861 2867 
5617 2: 3639 
5618 1: 3643 
5619 3: 1225 1228 1229 1232 1233 1235 1237 4792 4793 
5620 0: 5621 5622 5623 5624 
5621 4: 242 247 248 249 250 256 257 259 262 
5622 1: 1450 
5623 4: 2859 2861 2867 
5624 1: 3817 
5627 1: 30 
5628 2: 1000 1002 1008 
5639 1: 1124 
5644 6: 473 481 
5648 2: 1215 1216 1217 4789 4790 
5650 0: 2529 
5653 0: 5654 
5654 2: 6243 6246 
5656 2: 2890 
5657 3: 3725 3729 3730 3731 3733 3735 5661 5662 5665 5666 
5661 3: 1225 1228 1229 1232 1233 1235 1237 5288 
5662 1: 3944 3948 5333 5334 
5665 0: 5856 5857 5858 
5666 1: 5934 
5667 1: 1736 1737 
5671 1: 3758 5673 
5673 2: 6213 6214 6216 6217 6218 6219 6220 6222 6224 6226 6230 
5675 0: 3765 5676 
5676 2: 6467 6468 6471 6472 6475 
5683 0: 3795 3796 3797 
5688 1: 3823 
5693 2: 1049 
5695 4: 2859 2861 2867 
5696 1: 1121 4748 
5697 1: 2181 2182 2183 2187 2188 2189 
5698 1: 1087 
5700 1: 6511 
5701 1: 3951 
5703 2: 3912 
5704 1: 5705 
5705 1: 6362 
5706 0: 3912 
5707 1: 6205 
5711 1: 5712 
5712 1: 30 
5714 1: 1408 1409 
5715 4: 667 673 674 675 679 684 4596 
5718 0: 4067 
5720 2: 2545 2548 2550 
5729 0: 1811 
5730 1: 1855 1856 1858 1859 1860 
5736 0: 508 
5741 2: 6271 
5744 2: 3959 3960 
5746 1: 1363 
5748 2: 6044 6047 6048 6049 
5750 2: 4053 
5768 0: 1804 
5773 1: 3823 5688 
5776 1: 605 
5777 1: 1450 
5782 0: 891 
5784 4: 5707 
5787 1: 3116 3117 3118 
5789 0: 3595 
5797 1: 1073 
5798 1: 2942 2963 
5800 2: 4205 4207 4209 4215 4217 
5804 2: 6044 6047 6048 6049 
5808 0: 1553 
5813 4: 2448 2449 
5817 1: 4266 4271 
5818 4: 2859 2861 2867 
5820 3: 1655 1656 
5828 0: 781 782 783 784 785 786 787 
5829 1: 4310 4317 
5841 2: 3376 6070 6071 6075 6076 6077 6081 
5843 1: 6144 
5853 1: 4402 
5854 3: 4405 4406 
5856 0: 5857 5858 
5857 1: 30 
5858 0: 568 
5863 1: 5865 5866 
5865 4: 2776 2780 2784 2789 2792 2794 2803 2809 
5866 1: 6511 
5868 4: 2859 2861 2867 5869 
5869 2: 2139 2140 2141 2148 
5871 4: 2859 2861 2867 
5881 0: 2084 
5884 2: 2672 2674 2675 2677 
5886 2: 4205 4207 4209 4215 4217 
5894 1: 6148 6149 
5897 0: 5898 
5898 1: 30 
5905 4: 2776 2780 2784 2789 2792 2794 2803 2809 
5906 0: 6507 
5907 1: 324 
5908 1: 1855 1856 1858 1859 1860 
5909 2: 2012 2014 
5913 1: 978 
5914 1: 3605 
5915 0: 5916 
5916 2: 3543 
5920 1: 5921 
5921 4: 242 247 248 249 250 256 257 259 262 
5924 2: 574 
5930 0: 853 
5934 1: 2800 
5936 0: 6295 
5939 1: 6528 6529 6531 6544 6545 6549 
5945 2: 2322 
5946 2: 1619 1620 
5947 0: 1804 
5948 3: 1225 1228 1229 1232 1233 1235 1237 
5950 2: 5951 5953 5955 6356 
5951 2: 2139 2140 2141 2148 
5953 0: 6014 6356 
5955 1: 3817 
5959 4: 6505 
5964 4: 2859 2861 2867 
5965 4: 6505 
5967 1: 1949 
5968 1: 6382 6383 
5969 4: 2859 2861 2867 
5972 1: 1209 
5980 0: 1120 
5983 1: 6511 
5984 4: 2859 2861 2867 
5987 2: 5988 5991 6467 6468 6471 6472 6475 
5988 1: 324 
5991 2: 3355 3357 3360 3362 3363 3366 3368 3371 3372 3373 3374 3376 
5994 2: 2690 5279 
6002 4: 2859 2861 2867 
6005 3: 3691 3694 3695 3697 
6006 0: 6507 
6014 0: 2298 
6018 4: 2859 2861 2867 
6026 2: 3238 3239 3243 3246 3251 3253 
6031 1: 2945 2946 2947 2953 
6032 1: 2719 2720 2721 6033 
6033 2: 3238 3239 3243 3246 3251 3253 
6041 2: 6026 6032 6033 
6043 3: 2041 
6044 1: 204 3430 
6047 1: 1079 1083 
6048 3: 1225 1228 1229 1232 1233 1235 1237 
6049 1: 2088 
6050 0: 1114 
6052 1: 1218 
6055 2: 783 784 785 786 2672 2674 2675 2677 
6056 0: 3674 
6057 2: 2672 2674 2675 2677 
6060 1: 1450 
6061 1: 1612 
6070 2: 2139 2140 2141 2148 
6071 3: 6434 6437 6438 6439 6447 
6075 6: 473 481 
6076 2: 2591 2594 2597 
6077 3: 2102 2113 2116 
6081 0: 6507 
6082 2: 1791 
6084 2: 1889 
6085 2: 4048 
6088 0: 2690 
6089 2: 2826 2828 
6091 1: 6528 6529 6531 6544 6545 6549 
6098 0: 4183 
6102 1: 4177 4178 4179 4181 
6103 1: 2945 2946 2947 2953 
6105 1: 2945 2946 2947 2953 
6106 0: 557 
6107 0: 6043 
6109 3: 1712 1713 1716 1722 1727 
6112 0: 664 
6113 2: 3298 
6114 2: 485 487 488 
6120 0: 780 
6123 1: 2089 
6124 0: 4067 
6125 1: 1949 
6133 4: 2776 2780 2784 2789 2792 2794 2803 2809 
6135 2: 6271 
6139 1: 1543 
6140 3: 3513 
6142 1: 6143 
6143 0: 1183 1184 
6144 1: 1121 
6148 0: 6149 
6149 1: 30 
6150 3: 3691 3694 3695 3697 
6152 0: 3523 
6154 0: 1215 1216 1217 
6158 1: 3447 
6173 1: 605 
6174 1: 775 
6175 0: 1215 1216 1217 
6176 1: 3447 
6179 1: 1097 1099 
6183 4: 2776 2780 2784 2789 2792 2794 2803 2809 
6188 1: 1414 1418 1419 
6193 1: 1867 
6194 0: 3722 
6197 2: 6271 
6198 0: 1320 
6199 2: 3238 3239 3243 3246 3251 3253 
6201 3: 2102 2113 2116 
6205 4: 434 
6209 1: 2942 2963 
6211 1: 6144 
6213 1: 849 
6214 0: 1804 
6216 2: 1563 
6217 1: 2181 2182 2183 2187 2188 2189 
6218 3: 3024 
6219 2: 3768 3769 
6220 2: 1770 1771 
6222 0: 3912 
6224 1: 6356 
6226 0: 3097 
6230 1: 2088 
6242 4: 2776 2780 2784 2789 2792 2794 2803 2809 
6243 0: 915 
6245 2: 848 
6246 3: 1655 1656 
6259 2: 6260 
6260 3: 3725 3729 3730 3731 3733 3735 5657 5661 5662 5665 5666 
6267 1: 2037 
6269 1: 6511 
6271 1: 3485 
6275 1: 1855 1856 1858 1859 1860 
6276 2: 3238 3239 3243 3246 3251 3253 3878 
6279 0: 2646 
6281 1: 6356 
6283 0: 3478 3479 
6285 0: 6197 
6287 1: 1087 
6288 1: 1854 
6292 3: 2559 2561 2565 2567 2568 2569 2570 
6294 2: 4053 
6295 2: 3543 
6296 0: 1578 
6305 1: 2800 
6310 2: 2890 
6311 2: 6044 6047 6048 6049 
6316 2: 719 728 729 
6317 0: 3850 
6319 1: 3643 
6324 2: 3912 
6327 1: 1363 
6328 2: 1271 1272 
6331 1: 1197 1198 1199 1201 1204 
6334 2: 2672 2674 2675 2677 
6336 3: 1225 1228 1229 1232 1233 1235 1237 4792 4793 
6338 0: 3850 
6339 0: 4370 
6341 4: 2859 2861 2867 
6342 0: 4013 
6346 5: 3417 3421 3422 3427 
6356 0: 6014 
6358 2: 2545 2548 2550 
6362 0: 4183 
6364 1: 1397 1400 1401 1402 1404 1405 1406 
6365 1: 6366 6511 
6366 1: 30 
6380 1: 1670 1671 1672 
6382 1: 324 
6383 1: 2882 
6389 2: 1889 
6390 1: 1079 1083 
6394 0: 2390 
6397 2: 1776 1777 1778 1781 1782 
6398 1: 1867 
6401 2: 2368 2371 2372 2373 2374 2375 2376 2380 2390 
6406 0: 5644 
6408 4: 6505 
6412 1: 1580 1581 1582 
6413 5: 3417 3421 3422 3427 
6424 1: 6528 6529 6531 6544 6545 6549 
6427 2: 3281 3283 3287 
6430 4: 4065 
6431 1: 1197 1198 1199 1201 1204 4782 
6434 1: 1363 
6437 0: 2042 
6438 1: 2037 
6439 4: 2680 
6447 2: 4295 4298 4300 4303 
6451 1: 922 
6452 0: 3658 
6457 1: 1854 
6459 4: 2859 2861 2867 5340 5342 5345 5354 5355 5356 5357 5360 5361 5365 
6460 4: 2306 2776 2780 2784 2789 2792 2794 2803 2809 
6461 0: 1638 
6467 1: 2037 
6468 1: 649 
6471 1: 1121 4748 
6472 0: 4275 
6475 2: 6044 6047 6048 6049 
6482 1: 1124 
6484 0: 1215 1216 1217 
6490 3: 703 704 706 710 
6491 2: 424 4205 4207 4209 4215 4217 
6492 1: 2087 
6496 4: 2231 2232 2251 2253 2254 2255 2263 2265 2266 2267 2300 2365 2366 2394 2395 2396 
6505 4: 6125 
6507 4: 2306 2776 2780 2784 2789 2792 2794 2803 2809 
6508 0: 781 782 783 784 785 786 787 
6510 1: 1854 
6511 0: 966 
6514 0: 5994 
6517 2: 1563 
6528 1: 2942 2963 
6529 1: 6528 6531 6544 6545 6549 
6531 2: 2672 2674 2675 2677 3155 3156 3157 
6532 1: 3747 
6536 1: 2037 
6537 4: 2306 2776 2780 2784 2789 2792 2794 2803 2809 
6539 1: 1736 1737 
6540 1: 1955 
6543 1: 3981 3982 3983 
6544 2: 3343 3345 
6545 1: 6205 
6546 2: 3310 
6549 1: 1131 1134 
6550 0: 2839 
6552 3: 3329 3332 
6553 0: 1215 1216 1217 
